%YAML:1.0
aruco_bc_nmarkers: 9
aruco_bc_mInfoType: 0
aruco_bc_markers:
   - { id:211, corners:[ [ -175., -175., 0. ], [ -75., -175., 0. ], [
       -75., -75., 0. ], [ -175., -75., 0. ] ] }
   - { id:430, corners:[ [ -50., -175., 0. ], [ 50., -175., 0. ], [ 50.,
       -75., 0. ], [ -50., -75., 0. ] ] }
   - { id:190, corners:[ [ 75., -175., 0. ], [ 175., -175., 0. ], [ 175.,
       -75., 0. ], [ 75., -75., 0. ] ] }
   - { id:932, corners:[ [ -175., -50., 0. ], [ -75., -50., 0. ], [ -75.,
       50., 0. ], [ -175., 50., 0. ] ] }
   - { id:304, corners:[ [ -50., -50., 0. ], [ 50., -50., 0. ], [ 50.,
       50., 0. ], [ -50., 50., 0. ] ] }
   - { id:186, corners:[ [ 75., -50., 0. ], [ 175., -50., 0. ], [ 175.,
       50., 0. ], [ 75., 50., 0. ] ] }
   - { id:423, corners:[ [ -175., 75., 0. ], [ -75., 75., 0. ], [ -75.,
       175., 0. ], [ -175., 175., 0. ] ] }
   - { id:96, corners:[ [ -50., 75., 0. ], [ 50., 75., 0. ], [ 50., 175.,
       0. ], [ -50., 175., 0. ] ] }
   - { id:378, corners:[ [ 75., 75., 0. ], [ 175., 75., 0. ], [ 175.,
       175., 0. ], [ 75., 175., 0. ] ] }
