%YAML:1.0
aruco_bc_nmarkers: 18
aruco_bc_mInfoType: 0
aruco_bc_markers:
   - { id:74, corners:[ [ -337., -452., 0. ], [ 108., -452., 0. ], [
       -237., -7., 0. ], [ 8., -7., 0. ] ] }
   - { id:923, corners:[ [ 123., -452., 0. ], [ 223., -452., 0. ], [
       223., -352., 0. ], [ 123., -352., 0. ] ] }
   - { id:713, corners:[ [ 238., -452., 0. ], [ 338., -452., 0. ], [
       338., -352., 0. ], [ 238., -352., 0. ] ] }
   - { id:292, corners:[ [ 123., -337., 0. ], [ 223., -337., 0. ], [
       223., -237., 0. ], [ 123., -237., 0. ] ] }
   - { id:372, corners:[ [ 238., -337., 0. ], [ 338., -337., 0. ], [
       338., -237., 0. ], [ 238., -237., 0. ] ] }
   - { id:410, corners:[ [ 123., -222., 0. ], [ 223., -222., 0. ], [
       223., -122., 0. ], [ 123., -122., 0. ] ] }
   - { id:362, corners:[ [ 238., -222., 0. ], [ 338., -222., 0. ], [
       338., -122., 0. ], [ 238., -122., 0. ] ] }
   - { id:561, corners:[ [ 123., -107., 0. ], [ 223., -107., 0. ], [
       223., -7., 0. ], [ 123., -7., 0. ] ] }
   - { id:988, corners:[ [ 238., -107., 0. ], [ 338., -107., 0. ], [
       338., -7., 0. ], [ 238., -7., 0. ] ] }
   - { id:892, corners:[ [ -337., 8., 0. ], [ -237., 8., 0. ], [ -237.,
       108., 0. ], [ -337., 108., 0. ] ] }
   - { id:734, corners:[ [ -222., 8., 0. ], [ -122., 8., 0. ], [ -122.,
       108., 0. ], [ -222., 108., 0. ] ] }
   - { id:220, corners:[ [ -107., 8., 0. ], [ 338., 8., 0. ], [ -7.,
       453., 0. ], [ 238., 453., 0. ] ] }
   - { id:839, corners:[ [ -337., 123., 0. ], [ -237., 123., 0. ], [
       -237., 223., 0. ], [ -337., 223., 0. ] ] }
   - { id:666, corners:[ [ -222., 123., 0. ], [ -122., 123., 0. ], [
       -122., 223., 0. ], [ -222., 223., 0. ] ] }
   - { id:250, corners:[ [ -337., 238., 0. ], [ -237., 238., 0. ], [
       -237., 338., 0. ], [ -337., 338., 0. ] ] }
   - { id:959, corners:[ [ -222., 238., 0. ], [ -122., 238., 0. ], [
       -122., 338., 0. ], [ -222., 338., 0. ] ] }
   - { id:834, corners:[ [ -337., 353., 0. ], [ -237., 353., 0. ], [
       -237., 453., 0. ], [ -337., 453., 0. ] ] }
   - { id:71, corners:[ [ -222., 353., 0. ], [ -122., 353., 0. ], [
       -122., 453., 0. ], [ -222., 453., 0. ] ] }