%YAML:1.0
aruco_bc_nmarkers: 25
aruco_bc_mInfoType: 0
aruco_bc_markers:
   - { id:760, corners:[ [ -300., -300., 0. ], [ -200., -300., 0. ], [
       -200., -200., 0. ], [ -300., -200., 0. ] ] }
   - { id:648, corners:[ [ -175., -300., 0. ], [ -75., -300., 0. ], [
       -75., -200., 0. ], [ -175., -200., 0. ] ] }
   - { id:141, corners:[ [ -50., -300., 0. ], [ 50., -300., 0. ], [ 50.,
       -200., 0. ], [ -50., -200., 0. ] ] }
   - { id:518, corners:[ [ 75., -300., 0. ], [ 175., -300., 0. ], [ 175.,
       -200., 0. ], [ 75., -200., 0. ] ] }
   - { id:438, corners:[ [ 200., -300., 0. ], [ 300., -300., 0. ], [
       300., -200., 0. ], [ 200., -200., 0. ] ] }
   - { id:451, corners:[ [ -300., -175., 0. ], [ -200., -175., 0. ], [
       -200., -75., 0. ], [ -300., -75., 0. ] ] }
   - { id:975, corners:[ [ -175., -175., 0. ], [ -75., -175., 0. ], [
       -75., -75., 0. ], [ -175., -75., 0. ] ] }
   - { id:133, corners:[ [ -50., -175., 0. ], [ 50., -175., 0. ], [ 50.,
       -75., 0. ], [ -50., -75., 0. ] ] }
   - { id:527, corners:[ [ 75., -175., 0. ], [ 175., -175., 0. ], [ 175.,
       -75., 0. ], [ 75., -75., 0. ] ] }
   - { id:725, corners:[ [ 200., -175., 0. ], [ 300., -175., 0. ], [
       300., -75., 0. ], [ 200., -75., 0. ] ] }
   - { id:513, corners:[ [ -300., -50., 0. ], [ -200., -50., 0. ], [
       -200., 50., 0. ], [ -300., 50., 0. ] ] }
   - { id:316, corners:[ [ -175., -50., 0. ], [ -75., -50., 0. ], [ -75.,
       50., 0. ], [ -175., 50., 0. ] ] }
   - { id:967, corners:[ [ -50., -50., 0. ], [ 50., -50., 0. ], [ 50.,
       50., 0. ], [ -50., 50., 0. ] ] }
   - { id:499, corners:[ [ 75., -50., 0. ], [ 175., -50., 0. ], [ 175.,
       50., 0. ], [ 75., 50., 0. ] ] }
   - { id:393, corners:[ [ 200., -50., 0. ], [ 300., -50., 0. ], [ 300.,
       50., 0. ], [ 200., 50., 0. ] ] }
   - { id:546, corners:[ [ -300., 75., 0. ], [ -200., 75., 0. ], [ -200.,
       175., 0. ], [ -300., 175., 0. ] ] }
   - { id:982, corners:[ [ -175., 75., 0. ], [ -75., 75., 0. ], [ -75.,
       175., 0. ], [ -175., 175., 0. ] ] }
   - { id:41, corners:[ [ -50., 75., 0. ], [ 50., 75., 0. ], [ 50., 175.,
       0. ], [ -50., 175., 0. ] ] }
   - { id:756, corners:[ [ 75., 75., 0. ], [ 175., 75., 0. ], [ 175.,
       175., 0. ], [ 75., 175., 0. ] ] }
   - { id:51, corners:[ [ 200., 75., 0. ], [ 300., 75., 0. ], [ 300.,
       175., 0. ], [ 200., 175., 0. ] ] }
   - { id:183, corners:[ [ -300., 200., 0. ], [ -200., 200., 0. ], [
       -200., 300., 0. ], [ -300., 300., 0. ] ] }
   - { id:81, corners:[ [ -175., 200., 0. ], [ -75., 200., 0. ], [ -75.,
       300., 0. ], [ -175., 300., 0. ] ] }
   - { id:264, corners:[ [ -50., 200., 0. ], [ 50., 200., 0. ], [ 50.,
       300., 0. ], [ -50., 300., 0. ] ] }
   - { id:696, corners:[ [ 75., 200., 0. ], [ 175., 200., 0. ], [ 175.,
       300., 0. ], [ 75., 300., 0. ] ] }
   - { id:776, corners:[ [ 200., 200., 0. ], [ 300., 200., 0. ], [ 300.,
       300., 0. ], [ 200., 300., 0. ] ] }
