%YAML:1.0
aruco_bc_nmarkers: 4
aruco_bc_mInfoType: 0
aruco_bc_markers:
   - { id:753, corners:[ [ -102., -102., 0. ], [ -2., -102., 0. ], [ -2.,
       -2., 0. ], [ -102., -2., 0. ] ] }
   - { id:104, corners:[ [ 3., -102., 0. ], [ 103., -102., 0. ], [ 103.,
       -2., 0. ], [ 3., -2., 0. ] ] }
   - { id:779, corners:[ [ -102., 3., 0. ], [ -2., 3., 0. ], [ -2., 103.,
       0. ], [ -102., 103., 0. ] ] }
   - { id:425, corners:[ [ 3., 3., 0. ], [ 103., 3., 0. ], [ 103., 103.,
       0. ], [ 3., 103., 0. ] ] }
