%YAML:1.0
aruco_bc_nmarkers: 25
aruco_bc_mInfoType: 0
aruco_bc_markers:
   - { id:834, corners:[ [ -310., -310., 0. ], [ -210., -310., 0. ], [
       -210., -210., 0. ], [ -310., -210., 0. ] ] }
   - { id:24, corners:[ [ -180., -310., 0. ], [ -80., -310., 0. ], [
       -80., -210., 0. ], [ -180., -210., 0. ] ] }
   - { id:448, corners:[ [ -50., -310., 0. ], [ 50., -310., 0. ], [ 50.,
       -210., 0. ], [ -50., -210., 0. ] ] }
   - { id:561, corners:[ [ 80., -310., 0. ], [ 180., -310., 0. ], [ 180.,
       -210., 0. ], [ 80., -210., 0. ] ] }
   - { id:789, corners:[ [ 210., -310., 0. ], [ 310., -310., 0. ], [
       310., -210., 0. ], [ 210., -210., 0. ] ] }
   - { id:62, corners:[ [ -310., -180., 0. ], [ -210., -180., 0. ], [
       -210., -80., 0. ], [ -310., -80., 0. ] ] }
   - { id:756, corners:[ [ -180., -180., 0. ], [ -80., -180., 0. ], [
       -80., -80., 0. ], [ -180., -80., 0. ] ] }
   - { id:567, corners:[ [ -50., -180., 0. ], [ 50., -180., 0. ], [ 50.,
       -80., 0. ], [ -50., -80., 0. ] ] }
   - { id:503, corners:[ [ 80., -180., 0. ], [ 180., -180., 0. ], [ 180.,
       -80., 0. ], [ 80., -80., 0. ] ] }
   - { id:858, corners:[ [ 210., -180., 0. ], [ 310., -180., 0. ], [
       310., -80., 0. ], [ 210., -80., 0. ] ] }
   - { id:543, corners:[ [ -310., -50., 0. ], [ -210., -50., 0. ], [
       -210., 50., 0. ], [ -310., 50., 0. ] ] }
   - { id:751, corners:[ [ -180., -50., 0. ], [ -80., -50., 0. ], [ -80.,
       50., 0. ], [ -180., 50., 0. ] ] }
   - { id:986, corners:[ [ -50., -50., 0. ], [ 50., -50., 0. ], [ 50.,
       50., 0. ], [ -50., 50., 0. ] ] }
   - { id:273, corners:[ [ 80., -50., 0. ], [ 180., -50., 0. ], [ 180.,
       50., 0. ], [ 80., 50., 0. ] ] }
   - { id:284, corners:[ [ 210., -50., 0. ], [ 310., -50., 0. ], [ 310.,
       50., 0. ], [ 210., 50., 0. ] ] }
   - { id:431, corners:[ [ -310., 80., 0. ], [ -210., 80., 0. ], [ -210.,
       180., 0. ], [ -310., 180., 0. ] ] }
   - { id:475, corners:[ [ -180., 80., 0. ], [ -80., 80., 0. ], [ -80.,
       180., 0. ], [ -180., 180., 0. ] ] }
   - { id:496, corners:[ [ -50., 80., 0. ], [ 50., 80., 0. ], [ 50.,
       180., 0. ], [ -50., 180., 0. ] ] }
   - { id:542, corners:[ [ 80., 80., 0. ], [ 180., 80., 0. ], [ 180.,
       180., 0. ], [ 80., 180., 0. ] ] }
   - { id:10, corners:[ [ 210., 80., 0. ], [ 310., 80., 0. ], [ 310.,
       180., 0. ], [ 210., 180., 0. ] ] }
   - { id:474, corners:[ [ -310., 210., 0. ], [ -210., 210., 0. ], [
       -210., 310., 0. ], [ -310., 310., 0. ] ] }
   - { id:301, corners:[ [ -180., 210., 0. ], [ -80., 210., 0. ], [ -80.,
       310., 0. ], [ -180., 310., 0. ] ] }
   - { id:1023, corners:[ [ -50., 210., 0. ], [ 50., 210., 0. ], [ 50.,
       310., 0. ], [ -50., 310., 0. ] ] }
   - { id:697, corners:[ [ 80., 210., 0. ], [ 180., 210., 0. ], [ 180.,
       310., 0. ], [ 80., 310., 0. ] ] }
   - { id:653, corners:[ [ 210., 210., 0. ], [ 310., 210., 0. ], [ 310.,
       310., 0. ], [ 210., 310., 0. ] ] }
