%YAML:1.0
aruco_bc_nmarkers: 36
aruco_bc_mInfoType: 0
aruco_bc_markers:
   - { id:844, corners:[ [ -362., -362., 0. ], [ -262., -362., 0. ], [
       -262., -262., 0. ], [ -362., -262., 0. ] ] }
   - { id:615, corners:[ [ -237., -362., 0. ], [ -137., -362., 0. ], [
       -137., -262., 0. ], [ -237., -262., 0. ] ] }
   - { id:192, corners:[ [ -112., -362., 0. ], [ -12., -362., 0. ], [
       -12., -262., 0. ], [ -112., -262., 0. ] ] }
   - { id:160, corners:[ [ 13., -362., 0. ], [ 113., -362., 0. ], [ 113.,
       -262., 0. ], [ 13., -262., 0. ] ] }
   - { id:210, corners:[ [ 138., -362., 0. ], [ 238., -362., 0. ], [
       238., -262., 0. ], [ 138., -262., 0. ] ] }
   - { id:993, corners:[ [ 263., -362., 0. ], [ 363., -362., 0. ], [
       363., -262., 0. ], [ 263., -262., 0. ] ] }
   - { id:581, corners:[ [ -362., -237., 0. ], [ -262., -237., 0. ], [
       -262., -137., 0. ], [ -362., -137., 0. ] ] }
   - { id:124, corners:[ [ -237., -237., 0. ], [ -137., -237., 0. ], [
       -137., -137., 0. ], [ -237., -137., 0. ] ] }
   - { id:561, corners:[ [ -112., -237., 0. ], [ -12., -237., 0. ], [
       -12., -137., 0. ], [ -112., -137., 0. ] ] }
   - { id:962, corners:[ [ 13., -237., 0. ], [ 113., -237., 0. ], [ 113.,
       -137., 0. ], [ 13., -137., 0. ] ] }
   - { id:558, corners:[ [ 138., -237., 0. ], [ 238., -237., 0. ], [
       238., -137., 0. ], [ 138., -137., 0. ] ] }
   - { id:375, corners:[ [ 263., -237., 0. ], [ 363., -237., 0. ], [
       363., -137., 0. ], [ 263., -137., 0. ] ] }
   - { id:356, corners:[ [ -362., -112., 0. ], [ -262., -112., 0. ], [
       -262., -12., 0. ], [ -362., -12., 0. ] ] }
   - { id:67, corners:[ [ -237., -112., 0. ], [ -137., -112., 0. ], [
       -137., -12., 0. ], [ -237., -12., 0. ] ] }
   - { id:68, corners:[ [ -112., -112., 0. ], [ -12., -112., 0. ], [
       -12., -12., 0. ], [ -112., -12., 0. ] ] }
   - { id:312, corners:[ [ 13., -112., 0. ], [ 113., -112., 0. ], [ 113.,
       -12., 0. ], [ 13., -12., 0. ] ] }
   - { id:3, corners:[ [ 138., -112., 0. ], [ 238., -112., 0. ], [ 238.,
       -12., 0. ], [ 138., -12., 0. ] ] }
   - { id:61, corners:[ [ 263., -112., 0. ], [ 363., -112., 0. ], [ 363.,
       -12., 0. ], [ 263., -12., 0. ] ] }
   - { id:571, corners:[ [ -362., 13., 0. ], [ -262., 13., 0. ], [ -262.,
       113., 0. ], [ -362., 113., 0. ] ] }
   - { id:791, corners:[ [ -237., 13., 0. ], [ -137., 13., 0. ], [ -137.,
       113., 0. ], [ -237., 113., 0. ] ] }
   - { id:461, corners:[ [ -112., 13., 0. ], [ -12., 13., 0. ], [ -12.,
       113., 0. ], [ -112., 113., 0. ] ] }
   - { id:361, corners:[ [ 13., 13., 0. ], [ 113., 13., 0. ], [ 113.,
       113., 0. ], [ 13., 113., 0. ] ] }
   - { id:811, corners:[ [ 138., 13., 0. ], [ 238., 13., 0. ], [ 238.,
       113., 0. ], [ 138., 113., 0. ] ] }
   - { id:201, corners:[ [ 263., 13., 0. ], [ 363., 13., 0. ], [ 363.,
       113., 0. ], [ 263., 113., 0. ] ] }
   - { id:1001, corners:[ [ -362., 138., 0. ], [ -262., 138., 0. ], [
       -262., 238., 0. ], [ -362., 238., 0. ] ] }
   - { id:205, corners:[ [ -237., 138., 0. ], [ -137., 138., 0. ], [
       -137., 238., 0. ], [ -237., 238., 0. ] ] }
   - { id:439, corners:[ [ -112., 138., 0. ], [ -12., 138., 0. ], [ -12.,
       238., 0. ], [ -112., 238., 0. ] ] }
   - { id:524, corners:[ [ 13., 138., 0. ], [ 113., 138., 0. ], [ 113.,
       238., 0. ], [ 13., 238., 0. ] ] }
   - { id:156, corners:[ [ 138., 138., 0. ], [ 238., 138., 0. ], [ 238.,
       238., 0. ], [ 138., 238., 0. ] ] }
   - { id:625, corners:[ [ 263., 138., 0. ], [ 363., 138., 0. ], [ 363.,
       238., 0. ], [ 263., 238., 0. ] ] }
   - { id:783, corners:[ [ -362., 263., 0. ], [ -262., 263., 0. ], [
       -262., 363., 0. ], [ -362., 363., 0. ] ] }
   - { id:722, corners:[ [ -237., 263., 0. ], [ -137., 263., 0. ], [
       -137., 363., 0. ], [ -237., 363., 0. ] ] }
   - { id:793, corners:[ [ -112., 263., 0. ], [ -12., 263., 0. ], [ -12.,
       363., 0. ], [ -112., 363., 0. ] ] }
   - { id:797, corners:[ [ 13., 263., 0. ], [ 113., 263., 0. ], [ 113.,
       363., 0. ], [ 13., 363., 0. ] ] }
   - { id:622, corners:[ [ 138., 263., 0. ], [ 238., 263., 0. ], [ 238.,
       363., 0. ], [ 138., 363., 0. ] ] }
   - { id:819, corners:[ [ 263., 263., 0. ], [ 363., 263., 0. ], [ 363.,
       363., 0. ], [ 263., 363., 0. ] ] }
