%YAML:1.0
aruco_bc_nmarkers: 64
aruco_bc_mInfoType: 0
aruco_bc_markers:
   - { id:569, corners:[ [ -505., -505., 0. ], [ -405., -505., 0. ], [
       -405., -405., 0. ], [ -505., -405., 0. ] ] }
   - { id:843, corners:[ [ -375., -505., 0. ], [ -275., -505., 0. ], [
       -275., -405., 0. ], [ -375., -405., 0. ] ] }
   - { id:703, corners:[ [ -245., -505., 0. ], [ -145., -505., 0. ], [
       -145., -405., 0. ], [ -245., -405., 0. ] ] }
   - { id:847, corners:[ [ -115., -505., 0. ], [ -15., -505., 0. ], [
       -15., -405., 0. ], [ -115., -405., 0. ] ] }
   - { id:108, corners:[ [ 15., -505., 0. ], [ 115., -505., 0. ], [ 115.,
       -405., 0. ], [ 15., -405., 0. ] ] }
   - { id:285, corners:[ [ 145., -505., 0. ], [ 245., -505., 0. ], [
       245., -405., 0. ], [ 145., -405., 0. ] ] }
   - { id:926, corners:[ [ 275., -505., 0. ], [ 375., -505., 0. ], [
       375., -405., 0. ], [ 275., -405., 0. ] ] }
   - { id:356, corners:[ [ 405., -505., 0. ], [ 505., -505., 0. ], [
       505., -405., 0. ], [ 405., -405., 0. ] ] }
   - { id:401, corners:[ [ -505., -375., 0. ], [ -405., -375., 0. ], [
       -405., -275., 0. ], [ -505., -275., 0. ] ] }
   - { id:237, corners:[ [ -375., -375., 0. ], [ -275., -375., 0. ], [
       -275., -275., 0. ], [ -375., -275., 0. ] ] }
   - { id:625, corners:[ [ -245., -375., 0. ], [ -145., -375., 0. ], [
       -145., -275., 0. ], [ -245., -275., 0. ] ] }
   - { id:484, corners:[ [ -115., -375., 0. ], [ -15., -375., 0. ], [
       -15., -275., 0. ], [ -115., -275., 0. ] ] }
   - { id:636, corners:[ [ 15., -375., 0. ], [ 115., -375., 0. ], [ 115.,
       -275., 0. ], [ 15., -275., 0. ] ] }
   - { id:886, corners:[ [ 145., -375., 0. ], [ 245., -375., 0. ], [
       245., -275., 0. ], [ 145., -275., 0. ] ] }
   - { id:897, corners:[ [ 275., -375., 0. ], [ 375., -375., 0. ], [
       375., -275., 0. ], [ 275., -275., 0. ] ] }
   - { id:78, corners:[ [ 405., -375., 0. ], [ 505., -375., 0. ], [ 505.,
       -275., 0. ], [ 405., -275., 0. ] ] }
   - { id:174, corners:[ [ -505., -245., 0. ], [ -405., -245., 0. ], [
       -405., -145., 0. ], [ -505., -145., 0. ] ] }
   - { id:726, corners:[ [ -375., -245., 0. ], [ -275., -245., 0. ], [
       -275., -145., 0. ], [ -375., -145., 0. ] ] }
   - { id:106, corners:[ [ -245., -245., 0. ], [ -145., -245., 0. ], [
       -145., -145., 0. ], [ -245., -145., 0. ] ] }
   - { id:613, corners:[ [ -115., -245., 0. ], [ -15., -245., 0. ], [
       -15., -145., 0. ], [ -115., -145., 0. ] ] }
   - { id:31, corners:[ [ 15., -245., 0. ], [ 115., -245., 0. ], [ 115.,
       -145., 0. ], [ 15., -145., 0. ] ] }
   - { id:941, corners:[ [ 145., -245., 0. ], [ 245., -245., 0. ], [
       245., -145., 0. ], [ 145., -145., 0. ] ] }
   - { id:225, corners:[ [ 275., -245., 0. ], [ 375., -245., 0. ], [
       375., -145., 0. ], [ 275., -145., 0. ] ] }
   - { id:372, corners:[ [ 405., -245., 0. ], [ 505., -245., 0. ], [
       505., -145., 0. ], [ 405., -145., 0. ] ] }
   - { id:434, corners:[ [ -505., -115., 0. ], [ -405., -115., 0. ], [
       -405., -15., 0. ], [ -505., -15., 0. ] ] }
   - { id:720, corners:[ [ -375., -115., 0. ], [ -275., -115., 0. ], [
       -275., -15., 0. ], [ -375., -15., 0. ] ] }
   - { id:779, corners:[ [ -245., -115., 0. ], [ -145., -115., 0. ], [
       -145., -15., 0. ], [ -245., -15., 0. ] ] }
   - { id:236, corners:[ [ -115., -115., 0. ], [ -15., -115., 0. ], [
       -15., -15., 0. ], [ -115., -15., 0. ] ] }
   - { id:507, corners:[ [ 15., -115., 0. ], [ 115., -115., 0. ], [ 115.,
       -15., 0. ], [ 15., -15., 0. ] ] }
   - { id:447, corners:[ [ 145., -115., 0. ], [ 245., -115., 0. ], [
       245., -15., 0. ], [ 145., -15., 0. ] ] }
   - { id:525, corners:[ [ 275., -115., 0. ], [ 375., -115., 0. ], [
       375., -15., 0. ], [ 275., -15., 0. ] ] }
   - { id:387, corners:[ [ 405., -115., 0. ], [ 505., -115., 0. ], [
       505., -15., 0. ], [ 405., -15., 0. ] ] }
   - { id:780, corners:[ [ -505., 15., 0. ], [ -405., 15., 0. ], [ -405.,
       115., 0. ], [ -505., 115., 0. ] ] }
   - { id:806, corners:[ [ -375., 15., 0. ], [ -275., 15., 0. ], [ -275.,
       115., 0. ], [ -375., 115., 0. ] ] }
   - { id:427, corners:[ [ -245., 15., 0. ], [ -145., 15., 0. ], [ -145.,
       115., 0. ], [ -245., 115., 0. ] ] }
   - { id:200, corners:[ [ -115., 15., 0. ], [ -15., 15., 0. ], [ -15.,
       115., 0. ], [ -115., 115., 0. ] ] }
   - { id:261, corners:[ [ 15., 15., 0. ], [ 115., 15., 0. ], [ 115.,
       115., 0. ], [ 15., 115., 0. ] ] }
   - { id:861, corners:[ [ 145., 15., 0. ], [ 245., 15., 0. ], [ 245.,
       115., 0. ], [ 145., 115., 0. ] ] }
   - { id:100, corners:[ [ 275., 15., 0. ], [ 375., 15., 0. ], [ 375.,
       115., 0. ], [ 275., 115., 0. ] ] }
   - { id:110, corners:[ [ 405., 15., 0. ], [ 505., 15., 0. ], [ 505.,
       115., 0. ], [ 405., 115., 0. ] ] }
   - { id:992, corners:[ [ -505., 145., 0. ], [ -405., 145., 0. ], [
       -405., 245., 0. ], [ -505., 245., 0. ] ] }
   - { id:709, corners:[ [ -375., 145., 0. ], [ -275., 145., 0. ], [
       -275., 245., 0. ], [ -375., 245., 0. ] ] }
   - { id:711, corners:[ [ -245., 145., 0. ], [ -145., 145., 0. ], [
       -145., 245., 0. ], [ -245., 245., 0. ] ] }
   - { id:381, corners:[ [ -115., 145., 0. ], [ -15., 145., 0. ], [ -15.,
       245., 0. ], [ -115., 245., 0. ] ] }
   - { id:826, corners:[ [ 15., 145., 0. ], [ 115., 145., 0. ], [ 115.,
       245., 0. ], [ 15., 245., 0. ] ] }
   - { id:892, corners:[ [ 145., 145., 0. ], [ 245., 145., 0. ], [ 245.,
       245., 0. ], [ 145., 245., 0. ] ] }
   - { id:509, corners:[ [ 275., 145., 0. ], [ 375., 145., 0. ], [ 375.,
       245., 0. ], [ 275., 245., 0. ] ] }
   - { id:783, corners:[ [ 405., 145., 0. ], [ 505., 145., 0. ], [ 505.,
       245., 0. ], [ 405., 245., 0. ] ] }
   - { id:107, corners:[ [ -505., 275., 0. ], [ -405., 275., 0. ], [
       -405., 375., 0. ], [ -505., 375., 0. ] ] }
   - { id:979, corners:[ [ -375., 275., 0. ], [ -275., 275., 0. ], [
       -275., 375., 0. ], [ -375., 375., 0. ] ] }
   - { id:1010, corners:[ [ -245., 275., 0. ], [ -145., 275., 0. ], [
       -145., 375., 0. ], [ -245., 375., 0. ] ] }
   - { id:927, corners:[ [ -115., 275., 0. ], [ -15., 275., 0. ], [ -15.,
       375., 0. ], [ -115., 375., 0. ] ] }
   - { id:924, corners:[ [ 15., 275., 0. ], [ 115., 275., 0. ], [ 115.,
       375., 0. ], [ 15., 375., 0. ] ] }
   - { id:346, corners:[ [ 145., 275., 0. ], [ 245., 275., 0. ], [ 245.,
       375., 0. ], [ 145., 375., 0. ] ] }
   - { id:990, corners:[ [ 275., 275., 0. ], [ 375., 275., 0. ], [ 375.,
       375., 0. ], [ 275., 375., 0. ] ] }
   - { id:439, corners:[ [ 405., 275., 0. ], [ 505., 275., 0. ], [ 505.,
       375., 0. ], [ 405., 375., 0. ] ] }
   - { id:949, corners:[ [ -505., 405., 0. ], [ -405., 405., 0. ], [
       -405., 505., 0. ], [ -505., 505., 0. ] ] }
   - { id:849, corners:[ [ -375., 405., 0. ], [ -275., 405., 0. ], [
       -275., 505., 0. ], [ -375., 505., 0. ] ] }
   - { id:948, corners:[ [ -245., 405., 0. ], [ -145., 405., 0. ], [
       -145., 505., 0. ], [ -245., 505., 0. ] ] }
   - { id:254, corners:[ [ -115., 405., 0. ], [ -15., 405., 0. ], [ -15.,
       505., 0. ], [ -115., 505., 0. ] ] }
   - { id:534, corners:[ [ 15., 405., 0. ], [ 115., 405., 0. ], [ 115.,
       505., 0. ], [ 15., 505., 0. ] ] }
   - { id:80, corners:[ [ 145., 405., 0. ], [ 245., 405., 0. ], [ 245.,
       505., 0. ], [ 145., 505., 0. ] ] }
   - { id:968, corners:[ [ 275., 405., 0. ], [ 375., 405., 0. ], [ 375.,
       505., 0. ], [ 275., 505., 0. ] ] }
   - { id:282, corners:[ [ 405., 405., 0. ], [ 505., 405., 0. ], [ 505.,
       505., 0. ], [ 405., 505., 0. ] ] }
