%YAML:1.0
aruco_bc_nmarkers: 64
aruco_bc_mInfoType: 0
aruco_bc_markers:
   - { id:900, corners:[ [ -505., -505., 0. ], [ -405., -505., 0. ], [
       -405., -405., 0. ], [ -505., -405., 0. ] ] }
   - { id:269, corners:[ [ -375., -505., 0. ], [ -275., -505., 0. ], [
       -275., -405., 0. ], [ -375., -405., 0. ] ] }
   - { id:945, corners:[ [ -245., -505., 0. ], [ -145., -505., 0. ], [
       -145., -405., 0. ], [ -245., -405., 0. ] ] }
   - { id:573, corners:[ [ -115., -505., 0. ], [ -15., -505., 0. ], [
       -15., -405., 0. ], [ -115., -405., 0. ] ] }
   - { id:956, corners:[ [ 15., -505., 0. ], [ 115., -505., 0. ], [ 115.,
       -405., 0. ], [ 15., -405., 0. ] ] }
   - { id:898, corners:[ [ 145., -505., 0. ], [ 245., -505., 0. ], [
       245., -405., 0. ], [ 145., -405., 0. ] ] }
   - { id:2, corners:[ [ 275., -505., 0. ], [ 375., -505., 0. ], [ 375.,
       -405., 0. ], [ 275., -405., 0. ] ] }
   - { id:827, corners:[ [ 405., -505., 0. ], [ 505., -505., 0. ], [
       505., -405., 0. ], [ 405., -405., 0. ] ] }
   - { id:869, corners:[ [ -505., -375., 0. ], [ -405., -375., 0. ], [
       -405., -275., 0. ], [ -505., -275., 0. ] ] }
   - { id:777, corners:[ [ -375., -375., 0. ], [ -275., -375., 0. ], [
       -275., -275., 0. ], [ -375., -275., 0. ] ] }
   - { id:718, corners:[ [ -245., -375., 0. ], [ -145., -375., 0. ], [
       -145., -275., 0. ], [ -245., -275., 0. ] ] }
   - { id:625, corners:[ [ -115., -375., 0. ], [ -15., -375., 0. ], [
       -15., -275., 0. ], [ -115., -275., 0. ] ] }
   - { id:927, corners:[ [ 15., -375., 0. ], [ 115., -375., 0. ], [ 115.,
       -275., 0. ], [ 15., -275., 0. ] ] }
   - { id:710, corners:[ [ 145., -375., 0. ], [ 245., -375., 0. ], [
       245., -275., 0. ], [ 145., -275., 0. ] ] }
   - { id:327, corners:[ [ 275., -375., 0. ], [ 375., -375., 0. ], [
       375., -275., 0. ], [ 275., -275., 0. ] ] }
   - { id:702, corners:[ [ 405., -375., 0. ], [ 505., -375., 0. ], [
       505., -275., 0. ], [ 405., -275., 0. ] ] }
   - { id:616, corners:[ [ -505., -245., 0. ], [ -405., -245., 0. ], [
       -405., -145., 0. ], [ -505., -145., 0. ] ] }
   - { id:954, corners:[ [ -375., -245., 0. ], [ -275., -245., 0. ], [
       -275., -145., 0. ], [ -375., -145., 0. ] ] }
   - { id:340, corners:[ [ -245., -245., 0. ], [ -145., -245., 0. ], [
       -145., -145., 0. ], [ -245., -145., 0. ] ] }
   - { id:376, corners:[ [ -115., -245., 0. ], [ -15., -245., 0. ], [
       -15., -145., 0. ], [ -115., -145., 0. ] ] }
   - { id:532, corners:[ [ 15., -245., 0. ], [ 115., -245., 0. ], [ 115.,
       -145., 0. ], [ 15., -145., 0. ] ] }
   - { id:976, corners:[ [ 145., -245., 0. ], [ 245., -245., 0. ], [
       245., -145., 0. ], [ 145., -145., 0. ] ] }
   - { id:992, corners:[ [ 275., -245., 0. ], [ 375., -245., 0. ], [
       375., -145., 0. ], [ 275., -145., 0. ] ] }
   - { id:574, corners:[ [ 405., -245., 0. ], [ 505., -245., 0. ], [
       505., -145., 0. ], [ 405., -145., 0. ] ] }
   - { id:374, corners:[ [ -505., -115., 0. ], [ -405., -115., 0. ], [
       -405., -15., 0. ], [ -505., -15., 0. ] ] }
   - { id:387, corners:[ [ -375., -115., 0. ], [ -275., -115., 0. ], [
       -275., -15., 0. ], [ -375., -15., 0. ] ] }
   - { id:242, corners:[ [ -245., -115., 0. ], [ -145., -115., 0. ], [
       -145., -15., 0. ], [ -245., -15., 0. ] ] }
   - { id:42, corners:[ [ -115., -115., 0. ], [ -15., -115., 0. ], [
       -15., -15., 0. ], [ -115., -15., 0. ] ] }
   - { id:57, corners:[ [ 15., -115., 0. ], [ 115., -115., 0. ], [ 115.,
       -15., 0. ], [ 15., -15., 0. ] ] }
   - { id:995, corners:[ [ 145., -115., 0. ], [ 245., -115., 0. ], [
       245., -15., 0. ], [ 145., -15., 0. ] ] }
   - { id:308, corners:[ [ 275., -115., 0. ], [ 375., -115., 0. ], [
       375., -15., 0. ], [ 275., -15., 0. ] ] }
   - { id:891, corners:[ [ 405., -115., 0. ], [ 505., -115., 0. ], [
       505., -15., 0. ], [ 405., -15., 0. ] ] }
   - { id:541, corners:[ [ -505., 15., 0. ], [ -405., 15., 0. ], [ -405.,
       115., 0. ], [ -505., 115., 0. ] ] }
   - { id:589, corners:[ [ -375., 15., 0. ], [ -275., 15., 0. ], [ -275.,
       115., 0. ], [ -375., 115., 0. ] ] }
   - { id:85, corners:[ [ -245., 15., 0. ], [ -145., 15., 0. ], [ -145.,
       115., 0. ], [ -245., 115., 0. ] ] }
   - { id:115, corners:[ [ -115., 15., 0. ], [ -15., 15., 0. ], [ -15.,
       115., 0. ], [ -115., 115., 0. ] ] }
   - { id:420, corners:[ [ 15., 15., 0. ], [ 115., 15., 0. ], [ 115.,
       115., 0. ], [ 15., 115., 0. ] ] }
   - { id:299, corners:[ [ 145., 15., 0. ], [ 245., 15., 0. ], [ 245.,
       115., 0. ], [ 145., 115., 0. ] ] }
   - { id:926, corners:[ [ 275., 15., 0. ], [ 375., 15., 0. ], [ 375.,
       115., 0. ], [ 275., 115., 0. ] ] }
   - { id:1014, corners:[ [ 405., 15., 0. ], [ 505., 15., 0. ], [ 505.,
       115., 0. ], [ 405., 115., 0. ] ] }
   - { id:273, corners:[ [ -505., 145., 0. ], [ -405., 145., 0. ], [
       -405., 245., 0. ], [ -505., 245., 0. ] ] }
   - { id:91, corners:[ [ -375., 145., 0. ], [ -275., 145., 0. ], [
       -275., 245., 0. ], [ -375., 245., 0. ] ] }
   - { id:240, corners:[ [ -245., 145., 0. ], [ -145., 145., 0. ], [
       -145., 245., 0. ], [ -245., 245., 0. ] ] }
   - { id:966, corners:[ [ -115., 145., 0. ], [ -15., 145., 0. ], [ -15.,
       245., 0. ], [ -115., 245., 0. ] ] }
   - { id:106, corners:[ [ 15., 145., 0. ], [ 115., 145., 0. ], [ 115.,
       245., 0. ], [ 15., 245., 0. ] ] }
   - { id:719, corners:[ [ 145., 145., 0. ], [ 245., 145., 0. ], [ 245.,
       245., 0. ], [ 145., 245., 0. ] ] }
   - { id:824, corners:[ [ 275., 145., 0. ], [ 375., 145., 0. ], [ 375.,
       245., 0. ], [ 275., 245., 0. ] ] }
   - { id:208, corners:[ [ 405., 145., 0. ], [ 505., 145., 0. ], [ 505.,
       245., 0. ], [ 405., 245., 0. ] ] }
   - { id:840, corners:[ [ -505., 275., 0. ], [ -405., 275., 0. ], [
       -405., 375., 0. ], [ -505., 375., 0. ] ] }
   - { id:1006, corners:[ [ -375., 275., 0. ], [ -275., 275., 0. ], [
       -275., 375., 0. ], [ -375., 375., 0. ] ] }
   - { id:647, corners:[ [ -245., 275., 0. ], [ -145., 275., 0. ], [
       -145., 375., 0. ], [ -245., 375., 0. ] ] }
   - { id:695, corners:[ [ -115., 275., 0. ], [ -15., 275., 0. ], [ -15.,
       375., 0. ], [ -115., 375., 0. ] ] }
   - { id:794, corners:[ [ 15., 275., 0. ], [ 115., 275., 0. ], [ 115.,
       375., 0. ], [ 15., 375., 0. ] ] }
   - { id:122, corners:[ [ 145., 275., 0. ], [ 245., 275., 0. ], [ 245.,
       375., 0. ], [ 145., 375., 0. ] ] }
   - { id:131, corners:[ [ 275., 275., 0. ], [ 375., 275., 0. ], [ 375.,
       375., 0. ], [ 275., 375., 0. ] ] }
   - { id:260, corners:[ [ 405., 275., 0. ], [ 505., 275., 0. ], [ 505.,
       375., 0. ], [ 405., 375., 0. ] ] }
   - { id:923, corners:[ [ -505., 405., 0. ], [ -405., 405., 0. ], [
       -405., 505., 0. ], [ -505., 505., 0. ] ] }
   - { id:904, corners:[ [ -375., 405., 0. ], [ -275., 405., 0. ], [
       -275., 505., 0. ], [ -375., 505., 0. ] ] }
   - { id:411, corners:[ [ -245., 405., 0. ], [ -145., 405., 0. ], [
       -145., 505., 0. ], [ -245., 505., 0. ] ] }
   - { id:373, corners:[ [ -115., 405., 0. ], [ -15., 405., 0. ], [ -15.,
       505., 0. ], [ -115., 505., 0. ] ] }
   - { id:848, corners:[ [ 15., 405., 0. ], [ 115., 405., 0. ], [ 115.,
       505., 0. ], [ 15., 505., 0. ] ] }
   - { id:877, corners:[ [ 145., 405., 0. ], [ 245., 405., 0. ], [ 245.,
       505., 0. ], [ 145., 505., 0. ] ] }
   - { id:1018, corners:[ [ 275., 405., 0. ], [ 375., 405., 0. ], [ 375.,
       505., 0. ], [ 275., 505., 0. ] ] }
   - { id:849, corners:[ [ 405., 405., 0. ], [ 505., 405., 0. ], [ 505.,
       505., 0. ], [ 405., 505., 0. ] ] }
