%YAML:1.0
aruco_bc_nmarkers: 4
aruco_bc_mInfoType: 0
aruco_bc_markers:
   - { id:516, corners:[ [ -125., -125., 0. ], [ -25., -125., 0. ], [
       -25., -25., 0. ], [ -125., -25., 0. ] ] }
   - { id:492, corners:[ [ 25., -125., 0. ], [ 125., -125., 0. ], [ 125.,
       -25., 0. ], [ 25., -25., 0. ] ] }
   - { id:134, corners:[ [ -125., 25., 0. ], [ -25., 25., 0. ], [ -25.,
       125., 0. ], [ -125., 125., 0. ] ] }
   - { id:45, corners:[ [ 25., 25., 0. ], [ 125., 25., 0. ], [ 125.,
       125., 0. ], [ 25., 125., 0. ] ] }
