%YAML:1.0
aruco_bc_nmarkers: 9
aruco_bc_mInfoType: 0
aruco_bc_markers:
   - { id:229, corners:[ [ -221., -221., 0. ], [ -91., -221., 0. ], [
       -91., -91., 0. ], [ -221., -91., 0. ] ] }
   - { id:50, corners:[ [ -65., -221., 0. ], [ 65., -221., 0. ], [ 65.,
       -91., 0. ], [ -65., -91., 0. ] ] }
   - { id:568, corners:[ [ 91., -221., 0. ], [ 221., -221., 0. ], [ 221.,
       -91., 0. ], [ 91., -91., 0. ] ] }
   - { id:649, corners:[ [ -221., -65., 0. ], [ -91., -65., 0. ], [ -91.,
       65., 0. ], [ -221., 65., 0. ] ] }
   - { id:462, corners:[ [ -65., -65., 0. ], [ 65., -65., 0. ], [ 65.,
       65., 0. ], [ -65., 65., 0. ] ] }
   - { id:849, corners:[ [ 91., -65., 0. ], [ 221., -65., 0. ], [ 221.,
       65., 0. ], [ 91., 65., 0. ] ] }
   - { id:556, corners:[ [ -221., 91., 0. ], [ -91., 91., 0. ], [ -91.,
       221., 0. ], [ -221., 221., 0. ] ] }
   - { id:762, corners:[ [ -65., 91., 0. ], [ 65., 91., 0. ], [ 65.,
       221., 0. ], [ -65., 221., 0. ] ] }
   - { id:395, corners:[ [ 91., 91., 0. ], [ 221., 91., 0. ], [ 221.,
       221., 0. ], [ 91., 221., 0. ] ] }
