%YAML:1.0
aruco_bc_nmarkers: 100
aruco_bc_mInfoType: 0
aruco_bc_markers:
   - { id:460, corners:[ [ -635., -635., 0. ], [ -535., -635., 0. ], [
       -535., -535., 0. ], [ -635., -535., 0. ] ] }
   - { id:667, corners:[ [ -505., -635., 0. ], [ -405., -635., 0. ], [
       -405., -535., 0. ], [ -505., -535., 0. ] ] }
   - { id:483, corners:[ [ -375., -635., 0. ], [ -275., -635., 0. ], [
       -275., -535., 0. ], [ -375., -535., 0. ] ] }
   - { id:784, corners:[ [ -245., -635., 0. ], [ -145., -635., 0. ], [
       -145., -535., 0. ], [ -245., -535., 0. ] ] }
   - { id:62, corners:[ [ -115., -635., 0. ], [ -15., -635., 0. ], [
       -15., -535., 0. ], [ -115., -535., 0. ] ] }
   - { id:703, corners:[ [ 15., -635., 0. ], [ 115., -635., 0. ], [ 115.,
       -535., 0. ], [ 15., -535., 0. ] ] }
   - { id:733, corners:[ [ 145., -635., 0. ], [ 245., -635., 0. ], [
       245., -535., 0. ], [ 145., -535., 0. ] ] }
   - { id:666, corners:[ [ 275., -635., 0. ], [ 375., -635., 0. ], [
       375., -535., 0. ], [ 275., -535., 0. ] ] }
   - { id:573, corners:[ [ 405., -635., 0. ], [ 505., -635., 0. ], [
       505., -535., 0. ], [ 405., -535., 0. ] ] }
   - { id:523, corners:[ [ 535., -635., 0. ], [ 635., -635., 0. ], [
       635., -535., 0. ], [ 535., -535., 0. ] ] }
   - { id:144, corners:[ [ -635., -505., 0. ], [ -535., -505., 0. ], [
       -535., -405., 0. ], [ -635., -405., 0. ] ] }
   - { id:482, corners:[ [ -505., -505., 0. ], [ -405., -505., 0. ], [
       -405., -405., 0. ], [ -505., -405., 0. ] ] }
   - { id:306, corners:[ [ -375., -505., 0. ], [ -275., -505., 0. ], [
       -275., -405., 0. ], [ -375., -405., 0. ] ] }
   - { id:648, corners:[ [ -245., -505., 0. ], [ -145., -505., 0. ], [
       -145., -405., 0. ], [ -245., -405., 0. ] ] }
   - { id:53, corners:[ [ -115., -505., 0. ], [ -15., -505., 0. ], [
       -15., -405., 0. ], [ -115., -405., 0. ] ] }
   - { id:114, corners:[ [ 15., -505., 0. ], [ 115., -505., 0. ], [ 115.,
       -405., 0. ], [ 15., -405., 0. ] ] }
   - { id:823, corners:[ [ 145., -505., 0. ], [ 245., -505., 0. ], [
       245., -405., 0. ], [ 145., -405., 0. ] ] }
   - { id:5, corners:[ [ 275., -505., 0. ], [ 375., -505., 0. ], [ 375.,
       -405., 0. ], [ 275., -405., 0. ] ] }
   - { id:197, corners:[ [ 405., -505., 0. ], [ 505., -505., 0. ], [
       505., -405., 0. ], [ 405., -405., 0. ] ] }
   - { id:35, corners:[ [ 535., -505., 0. ], [ 635., -505., 0. ], [ 635.,
       -405., 0. ], [ 535., -405., 0. ] ] }
   - { id:980, corners:[ [ -635., -375., 0. ], [ -535., -375., 0. ], [
       -535., -275., 0. ], [ -635., -275., 0. ] ] }
   - { id:498, corners:[ [ -505., -375., 0. ], [ -405., -375., 0. ], [
       -405., -275., 0. ], [ -505., -275., 0. ] ] }
   - { id:751, corners:[ [ -375., -375., 0. ], [ -275., -375., 0. ], [
       -275., -275., 0. ], [ -375., -275., 0. ] ] }
   - { id:522, corners:[ [ -245., -375., 0. ], [ -145., -375., 0. ], [
       -145., -275., 0. ], [ -245., -275., 0. ] ] }
   - { id:91, corners:[ [ -115., -375., 0. ], [ -15., -375., 0. ], [
       -15., -275., 0. ], [ -115., -275., 0. ] ] }
   - { id:104, corners:[ [ 15., -375., 0. ], [ 115., -375., 0. ], [ 115.,
       -275., 0. ], [ 15., -275., 0. ] ] }
   - { id:253, corners:[ [ 145., -375., 0. ], [ 245., -375., 0. ], [
       245., -275., 0. ], [ 145., -275., 0. ] ] }
   - { id:749, corners:[ [ 275., -375., 0. ], [ 375., -375., 0. ], [
       375., -275., 0. ], [ 275., -275., 0. ] ] }
   - { id:302, corners:[ [ 405., -375., 0. ], [ 505., -375., 0. ], [
       505., -275., 0. ], [ 405., -275., 0. ] ] }
   - { id:529, corners:[ [ 535., -375., 0. ], [ 635., -375., 0. ], [
       635., -275., 0. ], [ 535., -275., 0. ] ] }
   - { id:418, corners:[ [ -635., -245., 0. ], [ -535., -245., 0. ], [
       -535., -145., 0. ], [ -635., -145., 0. ] ] }
   - { id:26, corners:[ [ -505., -245., 0. ], [ -405., -245., 0. ], [
       -405., -145., 0. ], [ -505., -145., 0. ] ] }
   - { id:80, corners:[ [ -375., -245., 0. ], [ -275., -245., 0. ], [
       -275., -145., 0. ], [ -375., -145., 0. ] ] }
   - { id:920, corners:[ [ -245., -245., 0. ], [ -145., -245., 0. ], [
       -145., -145., 0. ], [ -245., -145., 0. ] ] }
   - { id:641, corners:[ [ -115., -245., 0. ], [ -15., -245., 0. ], [
       -15., -145., 0. ], [ -115., -145., 0. ] ] }
   - { id:817, corners:[ [ 15., -245., 0. ], [ 115., -245., 0. ], [ 115.,
       -145., 0. ], [ 15., -145., 0. ] ] }
   - { id:235, corners:[ [ 145., -245., 0. ], [ 245., -245., 0. ], [
       245., -145., 0. ], [ 145., -145., 0. ] ] }
   - { id:255, corners:[ [ 275., -245., 0. ], [ 375., -245., 0. ], [
       375., -145., 0. ], [ 275., -145., 0. ] ] }
   - { id:246, corners:[ [ 405., -245., 0. ], [ 505., -245., 0. ], [
       505., -145., 0. ], [ 405., -145., 0. ] ] }
   - { id:75, corners:[ [ 535., -245., 0. ], [ 635., -245., 0. ], [ 635.,
       -145., 0. ], [ 535., -145., 0. ] ] }
   - { id:40, corners:[ [ -635., -115., 0. ], [ -535., -115., 0. ], [
       -535., -15., 0. ], [ -635., -15., 0. ] ] }
   - { id:193, corners:[ [ -505., -115., 0. ], [ -405., -115., 0. ], [
       -405., -15., 0. ], [ -505., -15., 0. ] ] }
   - { id:419, corners:[ [ -375., -115., 0. ], [ -275., -115., 0. ], [
       -275., -15., 0. ], [ -375., -15., 0. ] ] }
   - { id:210, corners:[ [ -245., -115., 0. ], [ -145., -115., 0. ], [
       -145., -15., 0. ], [ -245., -15., 0. ] ] }
   - { id:39, corners:[ [ -115., -115., 0. ], [ -15., -115., 0. ], [
       -15., -15., 0. ], [ -115., -15., 0. ] ] }
   - { id:791, corners:[ [ 15., -115., 0. ], [ 115., -115., 0. ], [ 115.,
       -15., 0. ], [ 15., -15., 0. ] ] }
   - { id:351, corners:[ [ 145., -115., 0. ], [ 245., -115., 0. ], [
       245., -15., 0. ], [ 145., -15., 0. ] ] }
   - { id:525, corners:[ [ 275., -115., 0. ], [ 375., -115., 0. ], [
       375., -15., 0. ], [ 275., -15., 0. ] ] }
   - { id:612, corners:[ [ 405., -115., 0. ], [ 505., -115., 0. ], [
       505., -15., 0. ], [ 405., -15., 0. ] ] }
   - { id:186, corners:[ [ 535., -115., 0. ], [ 635., -115., 0. ], [
       635., -15., 0. ], [ 535., -15., 0. ] ] }
   - { id:561, corners:[ [ -635., 15., 0. ], [ -535., 15., 0. ], [ -535.,
       115., 0. ], [ -635., 115., 0. ] ] }
   - { id:286, corners:[ [ -505., 15., 0. ], [ -405., 15., 0. ], [ -405.,
       115., 0. ], [ -505., 115., 0. ] ] }
   - { id:96, corners:[ [ -375., 15., 0. ], [ -275., 15., 0. ], [ -275.,
       115., 0. ], [ -375., 115., 0. ] ] }
   - { id:809, corners:[ [ -245., 15., 0. ], [ -145., 15., 0. ], [ -145.,
       115., 0. ], [ -245., 115., 0. ] ] }
   - { id:729, corners:[ [ -115., 15., 0. ], [ -15., 15., 0. ], [ -15.,
       115., 0. ], [ -115., 115., 0. ] ] }
   - { id:761, corners:[ [ 15., 15., 0. ], [ 115., 15., 0. ], [ 115.,
       115., 0. ], [ 15., 115., 0. ] ] }
   - { id:405, corners:[ [ 145., 15., 0. ], [ 245., 15., 0. ], [ 245.,
       115., 0. ], [ 145., 115., 0. ] ] }
   - { id:6, corners:[ [ 275., 15., 0. ], [ 375., 15., 0. ], [ 375.,
       115., 0. ], [ 275., 115., 0. ] ] }
   - { id:1018, corners:[ [ 405., 15., 0. ], [ 505., 15., 0. ], [ 505.,
       115., 0. ], [ 405., 115., 0. ] ] }
   - { id:660, corners:[ [ 535., 15., 0. ], [ 635., 15., 0. ], [ 635.,
       115., 0. ], [ 535., 115., 0. ] ] }
   - { id:59, corners:[ [ -635., 145., 0. ], [ -535., 145., 0. ], [
       -535., 245., 0. ], [ -635., 245., 0. ] ] }
   - { id:293, corners:[ [ -505., 145., 0. ], [ -405., 145., 0. ], [
       -405., 245., 0. ], [ -505., 245., 0. ] ] }
   - { id:674, corners:[ [ -375., 145., 0. ], [ -275., 145., 0. ], [
       -275., 245., 0. ], [ -375., 245., 0. ] ] }
   - { id:1009, corners:[ [ -245., 145., 0. ], [ -145., 145., 0. ], [
       -145., 245., 0. ], [ -245., 245., 0. ] ] }
   - { id:511, corners:[ [ -115., 145., 0. ], [ -15., 145., 0. ], [ -15.,
       245., 0. ], [ -115., 245., 0. ] ] }
   - { id:758, corners:[ [ 15., 145., 0. ], [ 115., 145., 0. ], [ 115.,
       245., 0. ], [ 15., 245., 0. ] ] }
   - { id:844, corners:[ [ 145., 145., 0. ], [ 245., 145., 0. ], [ 245.,
