%YAML:1.0
aruco_bc_nmarkers: 64
aruco_bc_mInfoType: 0
aruco_bc_markers:
   - { id:693, corners:[ [ -463., -463., 0. ], [ -363., -463., 0. ], [
       -363., -363., 0. ], [ -463., -363., 0. ] ] }
   - { id:487, corners:[ [ -345., -463., 0. ], [ -245., -463., 0. ], [
       -245., -363., 0. ], [ -345., -363., 0. ] ] }
   - { id:434, corners:[ [ -227., -463., 0. ], [ -127., -463., 0. ], [
       -127., -363., 0. ], [ -227., -363., 0. ] ] }
   - { id:825, corners:[ [ -109., -463., 0. ], [ -9., -463., 0. ], [ -9.,
       -363., 0. ], [ -109., -363., 0. ] ] }
   - { id:874, corners:[ [ 9., -463., 0. ], [ 109., -463., 0. ], [ 109.,
       -363., 0. ], [ 9., -363., 0. ] ] }
   - { id:896, corners:[ [ 127., -463., 0. ], [ 227., -463., 0. ], [
       227., -363., 0. ], [ 127., -363., 0. ] ] }
   - { id:753, corners:[ [ 245., -463., 0. ], [ 345., -463., 0. ], [
       345., -363., 0. ], [ 245., -363., 0. ] ] }
   - { id:91, corners:[ [ 363., -463., 0. ], [ 463., -463., 0. ], [ 463.,
       -363., 0. ], [ 363., -363., 0. ] ] }
   - { id:126, corners:[ [ -463., -345., 0. ], [ -363., -345., 0. ], [
       -363., -245., 0. ], [ -463., -245., 0. ] ] }
   - { id:835, corners:[ [ -345., -345., 0. ], [ -245., -345., 0. ], [
       -245., -245., 0. ], [ -345., -245., 0. ] ] }
   - { id:744, corners:[ [ -227., -345., 0. ], [ -127., -345., 0. ], [
       -127., -245., 0. ], [ -227., -245., 0. ] ] }
   - { id:569, corners:[ [ -109., -345., 0. ], [ -9., -345., 0. ], [ -9.,
       -245., 0. ], [ -109., -245., 0. ] ] }
   - { id:872, corners:[ [ 9., -345., 0. ], [ 109., -345., 0. ], [ 109.,
       -245., 0. ], [ 9., -245., 0. ] ] }
   - { id:74, corners:[ [ 127., -345., 0. ], [ 227., -345., 0. ], [ 227.,
       -245., 0. ], [ 127., -245., 0. ] ] }
   - { id:775, corners:[ [ 245., -345., 0. ], [ 345., -345., 0. ], [
       345., -245., 0. ], [ 245., -245., 0. ] ] }
   - { id:282, corners:[ [ 363., -345., 0. ], [ 463., -345., 0. ], [
       463., -245., 0. ], [ 363., -245., 0. ] ] }
   - { id:769, corners:[ [ -463., -227., 0. ], [ -363., -227., 0. ], [
       -363., -127., 0. ], [ -463., -127., 0. ] ] }
   - { id:442, corners:[ [ -345., -227., 0. ], [ -245., -227., 0. ], [
       -245., -127., 0. ], [ -345., -127., 0. ] ] }
   - { id:258, corners:[ [ -227., -227., 0. ], [ -127., -227., 0. ], [
       -127., -127., 0. ], [ -227., -127., 0. ] ] }
   - { id:81, corners:[ [ -109., -227., 0. ], [ -9., -227., 0. ], [ -9.,
       -127., 0. ], [ -109., -127., 0. ] ] }
   - { id:739, corners:[ [ 9., -227., 0. ], [ 109., -227., 0. ], [ 109.,
       -127., 0. ], [ 9., -127., 0. ] ] }
   - { id:168, corners:[ [ 127., -227., 0. ], [ 227., -227., 0. ], [
       227., -127., 0. ], [ 127., -127., 0. ] ] }
   - { id:938, corners:[ [ 245., -227., 0. ], [ 345., -227., 0. ], [
       345., -127., 0. ], [ 245., -127., 0. ] ] }
   - { id:762, corners:[ [ 363., -227., 0. ], [ 463., -227., 0. ], [
       463., -127., 0. ], [ 363., -127., 0. ] ] }
   - { id:502, corners:[ [ -463., -109., 0. ], [ -363., -109., 0. ], [
       -363., -9., 0. ], [ -463., -9., 0. ] ] }
   - { id:341, corners:[ [ -345., -109., 0. ], [ -245., -109., 0. ], [
       -245., -9., 0. ], [ -345., -9., 0. ] ] }
   - { id:748, corners:[ [ -227., -109., 0. ], [ -127., -109., 0. ], [
       -127., -9., 0. ], [ -227., -9., 0. ] ] }
   - { id:678, corners:[ [ -109., -109., 0. ], [ -9., -109., 0. ], [ -9.,
       -9., 0. ], [ -109., -9., 0. ] ] }
   - { id:576, corners:[ [ 9., -109., 0. ], [ 109., -109., 0. ], [ 109.,
       -9., 0. ], [ 9., -9., 0. ] ] }
   - { id:395, corners:[ [ 127., -109., 0. ], [ 227., -109., 0. ], [
       227., -9., 0. ], [ 127., -9., 0. ] ] }
   - { id:589, corners:[ [ 245., -109., 0. ], [ 345., -109., 0. ], [
       345., -9., 0. ], [ 245., -9., 0. ] ] }
   - { id:565, corners:[ [ 363., -109., 0. ], [ 463., -109., 0. ], [
       463., -9., 0. ], [ 363., -9., 0. ] ] }
   - { id:836, corners:[ [ -463., 9., 0. ], [ -363., 9., 0. ], [ -363.,
       109., 0. ], [ -463., 109., 0. ] ] }
   - { id:309, corners:[ [ -345., 9., 0. ], [ -245., 9., 0. ], [ -245.,
       109., 0. ], [ -345., 109., 0. ] ] }
   - { id:213, corners:[ [ -227., 9., 0. ], [ -127., 9., 0. ], [ -127.,
       109., 0. ], [ -227., 109., 0. ] ] }
   - { id:135, corners:[ [ -109., 9., 0. ], [ -9., 9., 0. ], [ -9., 109.,
       0. ], [ -109., 109., 0. ] ] }
   - { id:372, corners:[ [ 9., 9., 0. ], [ 109., 9., 0. ], [ 109., 109.,
       0. ], [ 9., 109., 0. ] ] }
   - { id:194, corners:[ [ 127., 9., 0. ], [ 227., 9., 0. ], [ 227.,
       109., 0. ], [ 127., 109., 0. ] ] }
   - { id:462, corners:[ [ 245., 9., 0. ], [ 345., 9., 0. ], [ 345.,
       109., 0. ], [ 245., 109., 0. ] ] }
   - { id:941, corners:[ [ 363., 9., 0. ], [ 463., 9., 0. ], [ 463.,
       109., 0. ], [ 363., 109., 0. ] ] }
   - { id:346, corners:[ [ -463., 127., 0. ], [ -363., 127., 0. ], [
       -363., 227., 0. ], [ -463., 227., 0. ] ] }
   - { id:233, corners:[ [ -345., 127., 0. ], [ -245., 127., 0. ], [
       -245., 227., 0. ], [ -345., 227., 0. ] ] }
   - { id:483, corners:[ [ -227., 127., 0. ], [ -127., 127., 0. ], [
       -127., 227., 0. ], [ -227., 227., 0. ] ] }
   - { id:205, corners:[ [ -109., 127., 0. ], [ -9., 127., 0. ], [ -9.,
       227., 0. ], [ -109., 227., 0. ] ] }
   - { id:243, corners:[ [ 9., 127., 0. ], [ 109., 127., 0. ], [ 109.,
       227., 0. ], [ 9., 227., 0. ] ] }
   - { id:445, corners:[ [ 127., 127., 0. ], [ 227., 127., 0. ], [ 227.,
       227., 0. ], [ 127., 227., 0. ] ] }
   - { id:584, corners:[ [ 245., 127., 0. ], [ 345., 127., 0. ], [ 345.,
       227., 0. ], [ 245., 227., 0. ] ] }
   - { id:202, corners:[ [ 363., 127., 0. ], [ 463., 127., 0. ], [ 463.,
       227., 0. ], [ 363., 227., 0. ] ] }
   - { id:224, corners:[ [ -463., 245., 0. ], [ -363., 245., 0. ], [
       -363., 345., 0. ], [ -463., 345., 0. ] ] }
   - { id:26, corners:[ [ -345., 245., 0. ], [ -245., 245., 0. ], [
       -245., 345., 0. ], [ -345., 345., 0. ] ] }
   - { id:139, corners:[ [ -227., 245., 0. ], [ -127., 245., 0. ], [
       -127., 345., 0. ], [ -227., 345., 0. ] ] }
   - { id:677, corners:[ [ -109., 245., 0. ], [ -9., 245., 0. ], [ -9.,
       345., 0. ], [ -109., 345., 0. ] ] }
   - { id:843, corners:[ [ 9., 245., 0. ], [ 109., 245., 0. ], [ 109.,
       345., 0. ], [ 9., 345., 0. ] ] }
   - { id:286, corners:[ [ 127., 245., 0. ], [ 227., 245., 0. ], [ 227.,
       345., 0. ], [ 127., 345., 0. ] ] }
   - { id:829, corners:[ [ 245., 245., 0. ], [ 345., 245., 0. ], [ 345.,
       345., 0. ], [ 245., 345., 0. ] ] }
   - { id:82, corners:[ [ 363., 245., 0. ], [ 463., 245., 0. ], [ 463.,
       345., 0. ], [ 363., 345., 0. ] ] }
   - { id:191, corners:[ [ -463., 363., 0. ], [ -363., 363., 0. ], [
       -363., 463., 0. ], [ -463., 463., 0. ] ] }
   - { id:705, corners:[ [ -345., 363., 0. ], [ -245., 363., 0. ], [
       -245., 463., 0. ], [ -345., 463., 0. ] ] }
   - { id:724, corners:[ [ -227., 363., 0. ], [ -127., 363., 0. ], [
       -127., 463., 0. ], [ -227., 463., 0. ] ] }
   - { id:51, corners:[ [ -109., 363., 0. ], [ -9., 363., 0. ], [ -9.,
       463., 0. ], [ -109., 463., 0. ] ] }
   - { id:1014, corners:[ [ 9., 363., 0. ], [ 109., 363., 0. ], [ 109.,
       463., 0. ], [ 9., 463., 0. ] ] }
   - { id:167, corners:[ [ 127., 363., 0. ], [ 227., 363., 0. ], [ 227.,
       463., 0. ], [ 127., 463., 0. ] ] }
   - { id:734, corners:[ [ 245., 363., 0. ], [ 345., 363., 0. ], [ 345.,
       463., 0. ], [ 245., 463., 0. ] ] }
   - { id:982, corners:[ [ 363., 363., 0. ], [ 463., 363., 0. ], [ 463.,
       463., 0. ], [ 363., 463., 0. ] ] }
