%YAML:1.0
aruco_bc_nmarkers: 36
aruco_bc_mInfoType: 0
aruco_bc_markers:
   - { id:869, corners:[ [ -425., -425., 0. ], [ -325., -425., 0. ], [
       -325., -325., 0. ], [ -425., -325., 0. ] ] }
   - { id:312, corners:[ [ -275., -425., 0. ], [ -175., -425., 0. ], [
       -175., -325., 0. ], [ -275., -325., 0. ] ] }
   - { id:202, corners:[ [ -125., -425., 0. ], [ -25., -425., 0. ], [
       -25., -325., 0. ], [ -125., -325., 0. ] ] }
   - { id:709, corners:[ [ 25., -425., 0. ], [ 125., -425., 0. ], [ 125.,
       -325., 0. ], [ 25., -325., 0. ] ] }
   - { id:840, corners:[ [ 175., -425., 0. ], [ 275., -425., 0. ], [
       275., -325., 0. ], [ 175., -325., 0. ] ] }
   - { id:300, corners:[ [ 325., -425., 0. ], [ 425., -425., 0. ], [
       425., -325., 0. ], [ 325., -325., 0. ] ] }
   - { id:227, corners:[ [ -425., -275., 0. ], [ -325., -275., 0. ], [
       -325., -175., 0. ], [ -425., -175., 0. ] ] }
   - { id:985, corners:[ [ -275., -275., 0. ], [ -175., -275., 0. ], [
       -175., -175., 0. ], [ -275., -175., 0. ] ] }
   - { id:71, corners:[ [ -125., -275., 0. ], [ -25., -275., 0. ], [
       -25., -175., 0. ], [ -125., -175., 0. ] ] }
   - { id:727, corners:[ [ 25., -275., 0. ], [ 125., -275., 0. ], [ 125.,
       -175., 0. ], [ 25., -175., 0. ] ] }
   - { id:911, corners:[ [ 175., -275., 0. ], [ 275., -275., 0. ], [
       275., -175., 0. ], [ 175., -175., 0. ] ] }
   - { id:210, corners:[ [ 325., -275., 0. ], [ 425., -275., 0. ], [
       425., -175., 0. ], [ 325., -175., 0. ] ] }
   - { id:2, corners:[ [ -425., -125., 0. ], [ -325., -125., 0. ], [
       -325., -25., 0. ], [ -425., -25., 0. ] ] }
   - { id:219, corners:[ [ -275., -125., 0. ], [ -175., -125., 0. ], [
       -175., -25., 0. ], [ -275., -25., 0. ] ] }
   - { id:949, corners:[ [ -125., -125., 0. ], [ -25., -125., 0. ], [
       -25., -25., 0. ], [ -125., -25., 0. ] ] }
   - { id:63, corners:[ [ 25., -125., 0. ], [ 125., -125., 0. ], [ 125.,
       -25., 0. ], [ 25., -25., 0. ] ] }
   - { id:729, corners:[ [ 175., -125., 0. ], [ 275., -125., 0. ], [
       275., -25., 0. ], [ 175., -25., 0. ] ] }
   - { id:195, corners:[ [ 325., -125., 0. ], [ 425., -125., 0. ], [
       425., -25., 0. ], [ 325., -25., 0. ] ] }
   - { id:458, corners:[ [ -425., 25., 0. ], [ -325., 25., 0. ], [ -325.,
       125., 0. ], [ -425., 125., 0. ] ] }
   - { id:214, corners:[ [ -275., 25., 0. ], [ -175., 25., 0. ], [ -175.,
       125., 0. ], [ -275., 125., 0. ] ] }
   - { id:963, corners:[ [ -125., 25., 0. ], [ -25., 25., 0. ], [ -25.,
       125., 0. ], [ -125., 125., 0. ] ] }
   - { id:419, corners:[ [ 25., 25., 0. ], [ 125., 25., 0. ], [ 125.,
       125., 0. ], [ 25., 125., 0. ] ] }
   - { id:322, corners:[ [ 175., 25., 0. ], [ 275., 25., 0. ], [ 275.,
       125., 0. ], [ 175., 125., 0. ] ] }
   - { id:588, corners:[ [ 325., 25., 0. ], [ 425., 25., 0. ], [ 425.,
       125., 0. ], [ 325., 125., 0. ] ] }
   - { id:921, corners:[ [ -425., 175., 0. ], [ -325., 175., 0. ], [
       -325., 275., 0. ], [ -425., 275., 0. ] ] }
   - { id:83, corners:[ [ -275., 175., 0. ], [ -175., 175., 0. ], [
       -175., 275., 0. ], [ -275., 275., 0. ] ] }
   - { id:797, corners:[ [ -125., 175., 0. ], [ -25., 175., 0. ], [ -25.,
       275., 0. ], [ -125., 275., 0. ] ] }
   - { id:758, corners:[ [ 25., 175., 0. ], [ 125., 175., 0. ], [ 125.,
       275., 0. ], [ 25., 275., 0. ] ] }
   - { id:125, corners:[ [ 175., 175., 0. ], [ 275., 175., 0. ], [ 275.,
       275., 0. ], [ 175., 275., 0. ] ] }
   - { id:635, corners:[ [ 325., 175., 0. ], [ 425., 175., 0. ], [ 425.,
       275., 0. ], [ 325., 275., 0. ] ] }
   - { id:137, corners:[ [ -425., 325., 0. ], [ -325., 325., 0. ], [
       -325., 425., 0. ], [ -425., 425., 0. ] ] }
   - { id:87, corners:[ [ -275., 325., 0. ], [ -175., 325., 0. ], [
       -175., 425., 0. ], [ -275., 425., 0. ] ] }
   - { id:516, corners:[ [ -125., 325., 0. ], [ -25., 325., 0. ], [ -25.,
       425., 0. ], [ -125., 425., 0. ] ] }
   - { id:920, corners:[ [ 25., 325., 0. ], [ 125., 325., 0. ], [ 125.,
       425., 0. ], [ 25., 425., 0. ] ] }
   - { id:117, corners:[ [ 175., 325., 0. ], [ 275., 325., 0. ], [ 275.,
       425., 0. ], [ 175., 425., 0. ] ] }
   - { id:109, corners:[ [ 325., 325., 0. ], [ 425., 325., 0. ], [ 425.,
       425., 0. ], [ 325., 425., 0. ] ] }
