%YAML:1.0
aruco_bc_nmarkers: 144
aruco_bc_mInfoType: 0
aruco_bc_markers:
   - { id:664, corners:[ [ -765., -765., 0. ], [ -665., -765., 0. ], [
       -665., -665., 0. ], [ -765., -665., 0. ] ] }
   - { id:906, corners:[ [ -635., -765., 0. ], [ -535., -765., 0. ], [
       -535., -665., 0. ], [ -635., -665., 0. ] ] }
   - { id:543, corners:[ [ -505., -765., 0. ], [ -405., -765., 0. ], [
       -405., -665., 0. ], [ -505., -665., 0. ] ] }
   - { id:999, corners:[ [ -375., -765., 0. ], [ -275., -765., 0. ], [
       -275., -665., 0. ], [ -375., -665., 0. ] ] }
   - { id:219, corners:[ [ -245., -765., 0. ], [ -145., -765., 0. ], [
       -145., -665., 0. ], [ -245., -665., 0. ] ] }
   - { id:79, corners:[ [ -115., -765., 0. ], [ -15., -765., 0. ], [
       -15., -665., 0. ], [ -115., -665., 0. ] ] }
   - { id:786, corners:[ [ 15., -765., 0. ], [ 115., -765., 0. ], [ 115.,
       -665., 0. ], [ 15., -665., 0. ] ] }
   - { id:49, corners:[ [ 145., -765., 0. ], [ 245., -765., 0. ], [ 245.,
       -665., 0. ], [ 145., -665., 0. ] ] }
   - { id:917, corners:[ [ 275., -765., 0. ], [ 375., -765., 0. ], [
       375., -665., 0. ], [ 275., -665., 0. ] ] }
   - { id:279, corners:[ [ 405., -765., 0. ], [ 505., -765., 0. ], [
       505., -665., 0. ], [ 405., -665., 0. ] ] }
   - { id:776, corners:[ [ 535., -765., 0. ], [ 635., -765., 0. ], [
       635., -665., 0. ], [ 535., -665., 0. ] ] }
   - { id:627, corners:[ [ 665., -765., 0. ], [ 765., -765., 0. ], [
       765., -665., 0. ], [ 665., -665., 0. ] ] }
   - { id:814, corners:[ [ -765., -635., 0. ], [ -665., -635., 0. ], [
       -665., -535., 0. ], [ -765., -535., 0. ] ] }
   - { id:841, corners:[ [ -635., -635., 0. ], [ -535., -635., 0. ], [
       -535., -535., 0. ], [ -635., -535., 0. ] ] }
   - { id:862, corners:[ [ -505., -635., 0. ], [ -405., -635., 0. ], [
       -405., -535., 0. ], [ -505., -535., 0. ] ] }
   - { id:135, corners:[ [ -375., -635., 0. ], [ -275., -635., 0. ], [
       -275., -535., 0. ], [ -375., -535., 0. ] ] }
   - { id:888, corners:[ [ -245., -635., 0. ], [ -145., -635., 0. ], [
       -145., -535., 0. ], [ -245., -535., 0. ] ] }
   - { id:437, corners:[ [ -115., -635., 0. ], [ -15., -635., 0. ], [
       -15., -535., 0. ], [ -115., -535., 0. ] ] }
   - { id:166, corners:[ [ 15., -635., 0. ], [ 115., -635., 0. ], [ 115.,
       -535., 0. ], [ 15., -535., 0. ] ] }
   - { id:71, corners:[ [ 145., -635., 0. ], [ 245., -635., 0. ], [ 245.,
       -535., 0. ], [ 145., -535., 0. ] ] }
   - { id:653, corners:[ [ 275., -635., 0. ], [ 375., -635., 0. ], [
       375., -535., 0. ], [ 275., -535., 0. ] ] }
   - { id:983, corners:[ [ 405., -635., 0. ], [ 505., -635., 0. ], [
       505., -535., 0. ], [ 405., -535., 0. ] ] }
   - { id:754, corners:[ [ 535., -635., 0. ], [ 635., -635., 0. ], [
       635., -535., 0. ], [ 535., -535., 0. ] ] }
   - { id:201, corners:[ [ 665., -635., 0. ], [ 765., -635., 0. ], [
       765., -535., 0. ], [ 665., -535., 0. ] ] }
   - { id:621, corners:[ [ -765., -505., 0. ], [ -665., -505., 0. ], [
       -665., -405., 0. ], [ -765., -405., 0. ] ] }
   - { id:579, corners:[ [ -635., -505., 0. ], [ -535., -505., 0. ], [
       -535., -405., 0. ], [ -635., -405., 0. ] ] }
   - { id:872, corners:[ [ -505., -505., 0. ], [ -405., -505., 0. ], [
       -405., -405., 0. ], [ -505., -405., 0. ] ] }
   - { id:582, corners:[ [ -375., -505., 0. ], [ -275., -505., 0. ], [
       -275., -405., 0. ], [ -375., -405., 0. ] ] }
   - { id:763, corners:[ [ -245., -505., 0. ], [ -145., -505., 0. ], [
       -145., -405., 0. ], [ -245., -405., 0. ] ] }
   - { id:532, corners:[ [ -115., -505., 0. ], [ -15., -505., 0. ], [
       -15., -405., 0. ], [ -115., -405., 0. ] ] }
   - { id:435, corners:[ [ 15., -505., 0. ], [ 115., -505., 0. ], [ 115.,
       -405., 0. ], [ 15., -405., 0. ] ] }
   - { id:2, corners:[ [ 145., -505., 0. ], [ 245., -505., 0. ], [ 245.,
       -405., 0. ], [ 145., -405., 0. ] ] }
   - { id:34, corners:[ [ 275., -505., 0. ], [ 375., -505., 0. ], [ 375.,
       -405., 0. ], [ 275., -405., 0. ] ] }
   - { id:894, corners:[ [ 405., -505., 0. ], [ 505., -505., 0. ], [
       505., -405., 0. ], [ 405., -405., 0. ] ] }
   - { id:329, corners:[ [ 535., -505., 0. ], [ 635., -505., 0. ], [
       635., -405., 0. ], [ 535., -405., 0. ] ] }
   - { id:104, corners:[ [ 665., -505., 0. ], [ 765., -505., 0. ], [
       765., -405., 0. ], [ 665., -405., 0. ] ] }
   - { id:700, corners:[ [ -765., -375., 0. ], [ -665., -375., 0. ], [
       -665., -275., 0. ], [ -765., -275., 0. ] ] }
   - { id:948, corners:[ [ -635., -375., 0. ], [ -535., -375., 0. ], [
       -535., -275., 0. ], [ -635., -275., 0. ] ] }
   - { id:285, corners:[ [ -505., -375., 0. ], [ -405., -375., 0. ], [
       -405., -275., 0. ], [ -505., -275., 0. ] ] }
   - { id:80, corners:[ [ -375., -375., 0. ], [ -275., -375., 0. ], [
       -275., -275., 0. ], [ -375., -275., 0. ] ] }
   - { id:528, corners:[ [ -245., -375., 0. ], [ -145., -375., 0. ], [
       -145., -275., 0. ], [ -245., -275., 0. ] ] }
   - { id:884, corners:[ [ -115., -375., 0. ], [ -15., -375., 0. ], [
       -15., -275., 0. ], [ -115., -275., 0. ] ] }
   - { id:93, corners:[ [ 15., -375., 0. ], [ 115., -375., 0. ], [ 115.,
       -275., 0. ], [ 15., -275., 0. ] ] }
   - { id:328, corners:[ [ 145., -375., 0. ], [ 245., -375., 0. ], [
       245., -275., 0. ], [ 145., -275., 0. ] ] }
   - { id:565, corners:[ [ 275., -375., 0. ], [ 375., -375., 0. ], [
       375., -275., 0. ], [ 275., -275., 0. ] ] }
   - { id:379, corners:[ [ 405., -375., 0. ], [ 505., -375., 0. ], [
       505., -275., 0. ], [ 405., -275., 0. ] ] }
   - { id:185, corners:[ [ 535., -375., 0. ], [ 635., -375., 0. ], [
       635., -275., 0. ], [ 535., -275., 0. ] ] }
   - { id:111, corners:[ [ 665., -375., 0. ], [ 765., -375., 0. ], [
       765., -275., 0. ], [ 665., -275., 0. ] ] }
   - { id:147, corners:[ [ -765., -245., 0. ], [ -665., -245., 0. ], [
       -665., -145., 0. ], [ -765., -145., 0. ] ] }
   - { id:152, corners:[ [ -635., -245., 0. ], [ -535., -245., 0. ], [
       -535., -145., 0. ], [ -635., -145., 0. ] ] }
   - { id:284, corners:[ [ -505., -245., 0. ], [ -405., -245., 0. ], [
       -405., -145., 0. ], [ -505., -145., 0. ] ] }
   - { id:764, corners:[ [ -375., -245., 0. ], [ -275., -245., 0. ], [
       -275., -145., 0. ], [ -375., -145., 0. ] ] }
   - { id:603, corners:[ [ -245., -245., 0. ], [ -145., -245., 0. ], [
       -145., -145., 0. ], [ -245., -145., 0. ] ] }
   - { id:934, corners:[ [ -115., -245., 0. ], [ -15., -245., 0. ], [
       -15., -145., 0. ], [ -115., -145., 0. ] ] }
   - { id:18, corners:[ [ 15., -245., 0. ], [ 115., -245., 0. ], [ 115.,
       -145., 0. ], [ 15., -145., 0. ] ] }
   - { id:889, corners:[ [ 145., -245., 0. ], [ 245., -245., 0. ], [
       245., -145., 0. ], [ 145., -145., 0. ] ] }
   - { id:688, corners:[ [ 275., -245., 0. ], [ 375., -245., 0. ], [
       375., -145., 0. ], [ 275., -145., 0. ] ] }
   - { id:484, corners:[ [ 405., -245., 0. ], [ 505., -245., 0. ], [
       505., -145., 0. ], [ 405., -145., 0. ] ] }
   - { id:860, corners:[ [ 535., -245., 0. ], [ 635., -245., 0. ], [
       635., -145., 0. ], [ 535., -145., 0. ] ] }
   - { id:302, corners:[ [ 665., -245., 0. ], [ 765., -245., 0. ], [
       765., -145., 0. ], [ 665., -145., 0. ] ] }
   - { id:604, corners:[ [ -765., -115., 0. ], [ -665., -115., 0. ], [
       -665., -15., 0. ], [ -765., -15., 0. ] ] }
   - { id:434, corners:[ [ -635., -115., 0. ], [ -535., -115., 0. ], [
       -535., -15., 0. ], [ -635., -15., 0. ] ] }
   - { id:375, corners:[ [ -505., -115., 0. ], [ -405., -115., 0. ], [
       -405., -15., 0. ], [ -505., -15., 0. ] ] }
   - { id:893, corners:[ [ -375., -115., 0. ], [ -275., -115., 0. ], [
       -275., -15., 0. ], [ -375., -15., 0. ] ] }
   - { id:679, corners:[ [ -245., -115., 0. ], [ -145., -115., 0. ], [
       -145., -15., 0. ], [ -245., -15., 0. ] ] }
   - { id:920, corners:[ [ -115., -115., 0. ], [ -15., -115., 0. ], [
