%YAML:1.0
aruco_bc_nmarkers: 24
aruco_bc_mInfoType: 0
aruco_bc_markers:
   - { id:989, corners:[ [ -275., -425., 0. ], [ -175., -425., 0. ], [
       -175., -325., 0. ], [ -275., -325., 0. ] ] }
   - { id:26, corners:[ [ -125., -425., 0. ], [ -25., -425., 0. ], [
       -25., -325., 0. ], [ -125., -325., 0. ] ] }
   - { id:368, corners:[ [ 25., -425., 0. ], [ 125., -425., 0. ], [ 125.,
       -325., 0. ], [ 25., -325., 0. ] ] }
   - { id:923, corners:[ [ 175., -425., 0. ], [ 275., -425., 0. ], [
       275., -325., 0. ], [ 175., -325., 0. ] ] }
   - { id:729, corners:[ [ -275., -275., 0. ], [ -175., -275., 0. ], [
       -175., -175., 0. ], [ -275., -175., 0. ] ] }
   - { id:910, corners:[ [ -125., -275., 0. ], [ -25., -275., 0. ], [
       -25., -175., 0. ], [ -125., -175., 0. ] ] }
   - { id:525, corners:[ [ 25., -275., 0. ], [ 125., -275., 0. ], [ 125.,
       -175., 0. ], [ 25., -175., 0. ] ] }
   - { id:203, corners:[ [ 175., -275., 0. ], [ 275., -275., 0. ], [
       275., -175., 0. ], [ 175., -175., 0. ] ] }
   - { id:350, corners:[ [ -275., -125., 0. ], [ -175., -125., 0. ], [
       -175., -25., 0. ], [ -275., -25., 0. ] ] }
   - { id:361, corners:[ [ -125., -125., 0. ], [ -25., -125., 0. ], [
       -25., -25., 0. ], [ -125., -25., 0. ] ] }
   - { id:707, corners:[ [ 25., -125., 0. ], [ 125., -125., 0. ], [ 125.,
       -25., 0. ], [ 25., -25., 0. ] ] }
   - { id:702, corners:[ [ 175., -125., 0. ], [ 275., -125., 0. ], [
       275., -25., 0. ], [ 175., -25., 0. ] ] }
   - { id:630, corners:[ [ -275., 25., 0. ], [ -175., 25., 0. ], [ -175.,
       125., 0. ], [ -275., 125., 0. ] ] }
   - { id:385, corners:[ [ -125., 25., 0. ], [ -25., 25., 0. ], [ -25.,
       125., 0. ], [ -125., 125., 0. ] ] }
   - { id:856, corners:[ [ 25., 25., 0. ], [ 125., 25., 0. ], [ 125.,
       125., 0. ], [ 25., 125., 0. ] ] }
   - { id:329, corners:[ [ 175., 25., 0. ], [ 275., 25., 0. ], [ 275.,
       125., 0. ], [ 175., 125., 0. ] ] }
   - { id:337, corners:[ [ -275., 175., 0. ], [ -175., 175., 0. ], [
       -175., 275., 0. ], [ -275., 275., 0. ] ] }
   - { id:880, corners:[ [ -125., 175., 0. ], [ -25., 175., 0. ], [ -25.,
       275., 0. ], [ -125., 275., 0. ] ] }
   - { id:941, corners:[ [ 25., 175., 0. ], [ 125., 175., 0. ], [ 125.,
       275., 0. ], [ 25., 275., 0. ] ] }
   - { id:654, corners:[ [ 175., 175., 0. ], [ 275., 175., 0. ], [ 275.,
       275., 0. ], [ 175., 275., 0. ] ] }
   - { id:813, corners:[ [ -275., 325., 0. ], [ -175., 325., 0. ], [
       -175., 425., 0. ], [ -275., 425., 0. ] ] }
   - { id:651, corners:[ [ -125., 325., 0. ], [ -25., 325., 0. ], [ -25.,
       425., 0. ], [ -125., 425., 0. ] ] }
   - { id:42, corners:[ [ 25., 325., 0. ], [ 125., 325., 0. ], [ 125.,
       425., 0. ], [ 25., 425., 0. ] ] }
   - { id:356, corners:[ [ 175., 325., 0. ], [ 275., 325., 0. ], [ 275.,
       425., 0. ], [ 175., 425., 0. ] ] }
